modelo:  4
natomos: 4
charge:  1
scftype:  1
debuglevel:  2
printexcell:  0
H  2.862341817  1.663436582  3.526021198 
H  0.352779899  0.458166673  1.020052501 
H  0.037538072  1.219899379  3.779164366 
H  1.810967149  3.844158307  1.230978173 
