modelo:  3
natomos: 3
charge:  1
scftype:  1
debuglevel:  2
printexcell:  0
H  0.037607189  1.573546621  2.52381474  
H  0.624668821  2.001920409  2.794776385 
H  2.60903844  2.388922253  0.987926199 
